264304
2114432
4228864
8457728
16915456
33830912
270647296
541294592
1082589184
2165178368
4330356736
34642853888
69285707776
138571415552
277142831104
554285662208
4434285297664
8868570595328
17737141190656
35474282381312
70948564762624
567588518100992
1135177036201984
2270354072403968
4540708144807936
9081416289615872
1056880
8455040
16910080
33820160
67640320
135280640
1082245120
2164490240
4328980480
8657960960
17315921920
138527375360
277054750720
554109501440
1108219002880
2216438005760
17731504046080
35463008092160
70926016184320
141852032368640
2269632517898240
4539265035796480
9078530071592960
18157060143185920
460816
921632
1843264
14746112
29492224
58984448
117968896
235937792
1887502336
3775004672
7550009344
15100018688
30200037376
241600299008
483200598016
966401196032
1932802392064
3865604784128
30924838273024
61849676546048
123699353092096
247398706184192
3958379298947072
7916758597894144
15833517195788288
31667034391576576
1837072
14696576
29393152
58786304
117572608
235145216
1881161728
3762323456
7524646912
15049293824
30098587648
240788701184
481577402368
963154804736
1926309609472
3852619218944
30820953751552
61641907503104
123283815006208
246567630012416
3945082080198656
7890164160397312
15780328320794624
31560656641589248
