1920
3840
7680
15360
245760
491520
983040
1966080
31457280
62914560
125829120
251658240
4026531840
8053063680
16106127360
32212254720
515396075520
1030792151040
2061584302080
4123168604160
65970697666560
131941395333120
263882790666240
8444249301319680
16888498602639360
33776997205278720
33818640
67637280
135274560
270549120
541098240
1082196480
2164392960
4328785920
8657571840
17315143680
34630287360
69260574720
138521149440
277042298880
554084597760
1108169195520
2216338391040
4432676782080
8865353564160
17730707128320
35461414256640
70922828513280
141845657026560
567382628106240
1134765256212480
2269530512424960
4539061024849920
9078122049699840
18156244099399680
