18304
36608
73216
146432
2342912
4685824
9371648
18743296
299892736
599785472
1199570944
2399141888
38386270208
76772540416
153545080832
307090161664
4913442586624
9826885173248
19653770346496
39307540692992
628920651087872
1257841302175744
2515682604351488
67637296
135274592
541098368
1082196736
2164393472
4328786944
8657573888
17315147776
69260591104
138521182208
277042364416
554084728832
1108169457664
2216338915328
8865355661312
17730711322624
35461422645248
70922845290496
141845690580992
1134765524647936
2269531049295872
4539062098591744
9078124197183488
18156248394366976
3856
7712
15424
246784
493568
987136
1974272
31588352
63176704
126353408
252706816
4043309056
8086618112
16173236224
32346472448
517543559168
1035087118336
2070174236672
4140348473344
66245575573504
132491151147008
264982302294016
8479433673408512
16958867346817024
33917734693634048
100927504
201855008
807420032
1614840064
3229680128
6459360256
12918720512
25837441024
103349764096
206699528192
413399056384
826798112768
1653596225536
3307192451072
13228769804288
26457539608576
52915079217152
105830158434304
211660316868608
1693282534948864
3386565069897728
6773130139795456
13546260279590912
27092520559181824
245888
491776
983552
1967104
31473664
62947328
125894656
251789312
4028628992
8057257984
16114515968
32229031936
515664510976
1031329021952
2062658043904
4125316087808
66005057404928
132010114809856
264020229619712
8448647347830784
16897294695661568
33794589391323136
50595856
101191712
202383424
809533696
1619067392
3238134784
6476269568
12952539136
25905078272
103620313088
207240626176
414481252352
828962504704
1657925009408
3315850018816
13263400075264
26526800150528
53053600301056
106107200602112
212214401204224
1697715209633792
3395430419267584
6790860838535168
13581721677070336
27163443354140672
132992
265984
531968
1063936
17022976
34045952
68091904
136183808
2178940928
4357881856
8715763712
17431527424
278904438784
557808877568
1115617755136
2231235510272
35699768164352
71399536328704
142799072657408
4569570325037056
9139140650074112
18278281300148224
33818672
67637344
270549376
541098752
1082197504
2164395008
4328790016
8657580032
34630320128
69260640256
138521280512
277042561024
554085122048
1108170244096
4432680976384
8865361952768
17730723905536
35461447811072
70922895622144
141845791244288
567383164977152
1134766329954304
2269532659908608
4539065319817216
9078130639634432
18156261279268864
