528496
4227968
8455936
16911872
33823744
67647488
541179904
1082359808
2164719616
4329439232
8658878464
69271027712
138542055424
277084110848
554168221696
1108336443392
8866691547136
17733383094272
35466766188544
70933532377088
141867064754176
1134936518033408
2269873036066816
4539746072133632
9079492144267264
18158984288534528
265744
531488
1062976
8503808
17007616
34015232
68030464
136060928
1088487424
2176974848
4353949696
8707899392
17415798784
139326390272
278652780544
557305561088
1114611122176
2229222244352
17833777954816
35667555909632
71335111819264
142670223638528
2282723578216448
4565447156432896
9130894312865792
18261788625731584
919568
1839136
14713088
29426176
58852352
117704704
235409408
1883275264
3766550528
7533101056
15066202112
30132404224
241059233792
482118467584
964236935168
1928473870336
3856947740672
30855581925376
61711163850752
123422327701504
246844655403008
3949514486448128
7899028972896256
15798057945792512
31596115891585024
276496
2211968
4423936
8847872
17695744
35391488
283131904
566263808
1132527616
2265055232
4530110464
36240883712
72481767424
144963534848
289927069696
579854139392
4638833115136
9277666230272
18555332460544
37110664921088
74221329842176
593770638737408
1187541277474816
2375082554949632
4750165109899264
