2160
17280
34560
69120
138240
276480
2211840
4423680
8847360
17694720
35389440
283115520
566231040
1132462080
2264924160
4529848320
36238786560
72477573120
144955146240
289910292480
579820584960
4638564679680
9277129359360
18554258718720
37108517437440
74217034874880
593736278999040
1187472557998080
2374945115996160
4749890231992320
528432
1056864
4227456
8454912
16909824
33819648
67639296
135278592
541114368
1082228736
2164457472
4328914944
8657829888
17315659776
69262639104
138525278208
277050556416
554101112832
1108202225664
2216404451328
8865617805312
17731235610624
35462471221248
70924942442496
141849884884992
1134799079079936
2269598158159872
4539196316319744
9078392632639488
18156785265278976
3600
7200
14400
115200
230400
460800
921600
1843200
14745600
29491200
58982400
117964800
235929600
1887436800
3774873600
7549747200
15099494400
30198988800
241591910400
483183820800
966367641600
1932735283200
3865470566400
30923764531200
61847529062400
123695058124800
247390116249600
3958241859993600
7916483719987200
15832967439974400
31665934879948800
788496
1576992
6307968
12615936
25231872
50463744
100927488
201854976
807419904
1614839808
3229679616
6459359232
12918718464
25837436928
103349747712
206699495424
413398990848
826797981696
1653595963392
3307191926784
13228767707136
26457535414272
52915070828544
105830141657088
211660283314176
1693282266513408
3386564533026816
6773129066053632
13546258132107264
27092516264214528
14352
114816
229632
459264
918528
1837056
14696448
29392896
58785792
117571584
235143168
1881145344
3762290688
7524581376
15049162752
30098325504
240786604032
481573208064
963146416128
1926292832256
3852585664512
30820685316096
61641370632192
123282741264384
246565482528768
3945047720460288
7890095440920576
15780190881841152
31560381763682304
395280
790560
1581120
6324480
12648960
25297920
50595840
101191680
202383360
809533440
1619066880
3238133760
6476267520
12952535040
25905070080
103620280320
207240560640
414481121280
828962242560
1657924485120
3315848970240
13263395880960
26526791761920
53053583523840
106107167047680
212214334095360
1697714672762880
3395429345525760
6790858691051520
13581717382103040
27163434764206080
8304
66432
132864
265728
531456
1062912
8503296
17006592
34013184
68026368
136052736
1088421888
2176843776
4353687552
8707375104
17414750208
139318001664
278636003328
557272006656
1114544013312
2229088026624
17832704212992
35665408425984
71330816851968
142661633703936
2282586139262976
4565172278525952
9130344557051904
18260689114103808
264240
528480
2113920
4227840
8455680
16911360
33822720
67645440
270581760
541163520
1082327040
2164654080
4329308160
8658616320
34634465280
69268930560
138537861120
277075722240
554151444480
1108302888960
4433211555840
8866423111680
17732846223360
35465692446720
70931384893440
141862769786880
567451079147520
1134902158295040
2269804316590080
4539608633180160
9079217266360320
18158434532720640
