12336
98688
197376
394752
789504
1579008
12632064
25264128
50528256
101056512
202113024
1616904192
3233808384
6467616768
12935233536
25870467072
206963736576
413927473152
827854946304
1655709892608
3311419785216
26491358281728
52982716563456
105965433126912
211930866253824
3390893860061184
6781787720122368
13563575440244736
27127150880489472
134160
268320
536640
2146560
4293120
8586240
17172480
34344960
68689920
274759680
549519360
1099038720
2198077440
4396154880
8792309760
35169239040
70338478080
140676956160
281353912320
562707824640
1125415649280
4501662597120
9003325194240
18006650388480
36013300776960
72026601553920
144053203107840
576212812431360
1152425624862720
2304851249725440
4609702499450880
9219404998901760
3120
6240
49920
99840
199680
399360
798720
6389760
12779520
25559040
51118080
102236160
817889280
1635778560
3271557120
6543114240
13086228480
104689827840
209379655680
418759311360
837518622720
1675037245440
13400297963520
26800595927040
53601191854080
107202383708160
214404767416320
1715238139330560
3430476278661120
6860952557322240
13721905114644480
530448
1060896
4243584
8487168
16974336
33948672
67897344
135794688
543178752
1086357504
2172715008
4345430016
8690860032
17381720064
69526880256
139053760512
278107521024
556215042048
1112430084096
2224860168192
8899440672768
17798881345536
35597762691072
71195525382144
142391050764288
1139128406114304
2278256812228608
4556513624457216
9113027248914432
18226054497828864
