197504
395008
790016
1580032
25280512
50561024
101122048
202244096
3235905536
6471811072
12943622144
25887244288
414195908608
828391817216
1656783634432
3313567268864
53017076301824
106034152603648
212068305207296
6786185766633472
13572371533266944
27144743066533888
17172496
34344992
68689984
274759936
549519872
1099039744
2198079488
4396158976
8792317952
35169271808
70338543616
140677087232
281354174464
562708348928
1125416697856
4501666791424
9003333582848
18006667165696
36013334331392
72026668662784
144053337325568
576213349302272
1152426698604544
2304853397209088
4609706794418176
9219413588836352
229760
459520
919040
1838080
29409280
58818560
117637120
235274240
3764387840
7528775680
15057551360
30115102720
481841643520
963683287040
1927366574080
3854733148160
61675730370560
123351460741120
246702921482240
7894493487431680
15788986974863360
31577973949726720
16911376
33822752
67645504
270582016
541164032
1082328064
2164656128
4329312256
8658624512
34634498048
69268996096
138537992192
277075984384
554151968768
1108303937536
4433215750144
8866431500288
17732863000576
35465726001152
70931452002304
141862904004608
567451616018432
1134903232036864
2269806464073728
4539612928147456
9079225856294912
18158451712589824
3632
7264
116224
232448
464896
929792
14876672
29753344
59506688
119013376
1904214016
3808428032
7616856064
15233712128
243739394048
487478788096
974957576192
1949915152384
31198642438144
62397284876288
124794569752576
249589139505152
3993426232082432
7986852464164864
15973704928329728
67639312
135278624
541114496
1082228992
2164457984
4328915968
8657831936
17315663872
69262655488
138525310976
277050621952
554101243904
1108202487808
2216404975616
8865619902464
17731239804928
35462479609856
70924959219712
141849918439424
1134799347515392
2269598695030784
4539197390061568
9078394780123136
18156789560246272
3184
50944
101888
203776
407552
6520832
13041664
26083328
52166656
834666496
1669332992
3338665984
6677331968
106837311488
213674622976
427349245952
854698491904
13675175870464
27350351740928
54700703481856
109401406963712
1750422511419392
3500845022838784
7001690045677568
67897360
135794720
543178880
1086357760
2172715520
4345431040
8690862080
17381724160
69526896640
139053793280
278107586560
556215173120
1112430346240
2224860692480
8899442769920
17798885539840
35597771079680
71195542159360
142391084318720
1139128674549760
2278257349099520
4556514698199040
9113029396398080
18226058792796160
