1577008
12616064
25232128
50464256
100928512
201857024
1614856192
3229712384
6459424768
12918849536
25837699072
206701592576
413403185152
826806370304
1653612740608
3307225481216
26457803849728
52915607699456
105831215398912
211662430797824
3386598892765184
6773197785530368
13546395571060736
27092791142121472
69136
138272
276544
2212352
4424704
8849408
17698816
35397632
283181056
566362112
1132724224
2265448448
4530896896
36247175168
72494350336
144988700672
289977401344
579954802688
4639638421504
9279276843008
18558553686016
37117107372032
74234214744064
593873717952512
1187747435905024
2375494871810048
4750989743620096
395312
790624
6324992
12649984
25299968
50599936
101199872
809598976
1619197952
3238395904
6476791808
12953583616
103628668928
207257337856
414514675712
829029351424
1658058702848
13264469622784
26528939245568
53057878491136
106115756982272
212231513964544
1697852111716352
3395704223432704
6791408446865408
13582816893730816
27165633787461632
1062928
8503424
17006848
34013696
68027392
136054784
1088438272
2176876544
4353753088
8707506176
17415012352
139320098816
278640197632
557280395264
1114560790528
2229121581056
17832972648448
35665945296896
71331890593792
142663781187584
2282620499001344
4565240998002688
9130481996005376
18260963992010752
