6256
50048
100096
200192
400384
800768
6406144
12812288
25624576
51249152
102498304
819986432
1639972864
3279945728
6559891456
13119782912
104958263296
209916526592
419833053184
839666106368
1679332212736
13434657701888
26869315403776
53738630807552
107477261615104
214954523230208
1719636185841664
3439272371683328
6878544743366656
13757089486733312
530480
1060960
4243840
8487680
16975360
33950720
67901440
135802880
543211520
1086423040
2172846080
4345692160
8691384320
17382768640
69531074560
139062149120
278124298240
556248596480
1112497192960
2224994385920
8899977543680
17799955087360
35599910174720
71199820349440
142399640698880
1139197125591040
2278394251182080
4556788502364160
9113577004728320
18227154009456640
7216
14432
115456
230912
461824
923648
1847296
14778368
29556736
59113472
118226944
236453888
1891631104
3783262208
7566524416
15133048832
30266097664
242128781312
484257562624
968515125248
1937030250496
3874060500992
30992484007936
61984968015872
123969936031744
247939872063488
3967037953015808
7934075906031616
15868151812063232
31736303624126464
792592
1585184
6340736
12681472
25362944
50725888
101451776
202903552
811614208
1623228416
3246456832
6492913664
12985827328
25971654656
103886618624
207773237248
415546474496
831092948992
1662185897984
3324371795968
13297487183872
26594974367744
53189948735488
106379897470976
212759794941952
1702078359535616
3404156719071232
6808313438142464
13616626876284928
27233253752569856
14384
115072
230144
460288
920576
1841152
14729216
29458432
58916864
117833728
235667456
1885339648
3770679296
7541358592
15082717184
30165434368
241323474944
482646949888
965293899776
1930587799552
3861175599104
30889404792832
61778809585664
123557619171328
247115238342656
3953843813482496
7907687626964992
15815375253929984
31630750507859968
396304
792608
1585216
6340864
12681728
25363456
50726912
101453824
202907648
811630592
1623261184
3246522368
6493044736
12986089472
25972178944
103888715776
207777431552
415554863104
831109726208
1662219452416
3324438904832
13297755619328
26595511238656
53191022477312
106382044954624
212764089909248
1702112719273984
3404225438547968
6808450877095936
13616901754191872
27233803508383744
12400
99200
198400
396800
793600
1587200
12697600
25395200
50790400
101580800
203161600
1625292800
3250585600
6501171200
13002342400
26004684800
208037478400
416074956800
832149913600
1664299827200
3328599654400
26628797235200
53257594470400
106515188940800
213030377881600
3408486046105600
6816972092211200
13633944184422400
27267888368844800
268336
536672
2146688
4293376
8586752
17173504
34347008
68694016
274776064
549552128
1099104256
2198208512
4396417024
8792834048
35171336192
70342672384
140685344768
281370689536
562741379072
1125482758144
4501931032576
9003862065152
18007724130304
36015448260608
72030896521216
144061793042432
576247172169728
1152494344339456
2304988688678912
4609977377357824
9219954754715648
