10352
82816
165632
331264
662528
1325056
10600448
21200896
42401792
84803584
169607168
1356857344
2713714688
5427429376
10854858752
21709717504
173677740032
347355480064
694710960128
1389421920256
2778843840512
22230750724096
44461501448192
88923002896384
177846005792768
2845536092684288
5691072185368576
11382144370737152
22764288741474304
790576
1581152
6324608
12649216
25298432
50596864
101193728
202387456
809549824
1619099648
3238199296
6476398592
12952797184
25905594368
103622377472
207244754944
414489509888
828979019776
1657958039552
3315916079104
13263664316416
26527328632832
53054657265664
106109314531328
212218629062656
1697749032501248
3395498065002496
6790996130004992
13581992260009984
27163984520019968
14416
115328
230656
461312
922624
1845248
14761984
29523968
59047936
118095872
236191744
1889533952
3779067904
7558135808
15116271616
30232543232
241860345856
483720691712
967441383424
1934882766848
3869765533696
30958124269568
61916248539136
123832497078272
247664994156544
3962639906504704
7925279813009408
15850559626018816
31701119252037632
788528
1577056
6308224
12616448
25232896
50465792
100931584
201863168
807452672
1614905344
3229810688
6459621376
12919242752
25838485504
103353942016
206707884032
413415768064
826831536128
1653663072256
3307326144512
13229304578048
26458609156096
52917218312192
105834436624384
211668873248768
1693350985990144
3386701971980288
6773403943960576
13546807887921152
27093615775842304
